aces/data/tables/uvspacings.ecsv
# %ECSV 1.0
# ---
# datatype:
# - {name: region, datatype: string}
# - {name: 1%, unit: arcsec, datatype: float64}
# - {name: 5%, unit: arcsec, datatype: float64}
# - {name: 10%, unit: arcsec, datatype: float64}
# - {name: 25%, unit: arcsec, datatype: float64}
# - {name: 50%, unit: arcsec, datatype: float64}
# - {name: 75%, unit: arcsec, datatype: float64}
# - {name: 90%, unit: arcsec, datatype: float64}
# - {name: 95%, unit: arcsec, datatype: float64}
# - {name: 99%, unit: arcsec, datatype: float64}
# - {name: beam_major, unit: arcsec, datatype: float64}
# - {name: beam_minor, unit: arcsec, datatype: float64}
# - {name: beam_major_pctile, datatype: float64}
# - {name: beam_minor_pctile, datatype: float64}
# - {name: wavelength, unit: um, datatype: float64}
# schema: astropy-2.0
region 1% 5% 10% 25% 50% 75% 90% 95% 99% beam_major beam_minor beam_major_pctile beam_minor_pctile wavelength
a 34.23968108537875 15.968815044437532 10.907503373734631 6.512631238940639 3.5268953528241833 2.1854783725222764 1.6672388424397817 1.4417425082878368 1.1139133966931807 1.4247568845748901 1.008920669555664 95.3840609063324 99.40780763379767 3191.590092042173
b 35.72715834335245 15.026410633143161 10.54198580090665 6.240790871683862 3.5322209457870883 2.246947956002495 1.692792256839228 1.4424859839529065 1.14799552821706 1.3768024444580078 1.0544501543045044 96.36510020480155 99.5738919692882 3191.1672311988787
c 41.40349827522401 18.711416277020422 13.981721537007655 8.728288862893551 5.483490836123762 3.3600969334027866 2.3611736956081315 1.9977583967029706 1.6277443369647584 2.071324110031128 1.3822214603424072 93.99887383566569 99.93090848149797 3191.2031222814335
d 37.546309290943775 17.120641665322598 11.804191650277287 7.163482541852271 4.1726761030948385 2.471187563770641 1.812146537383397 1.5482396009052088 1.220346717887969 1.536316156387329 1.1227184534072876 95.16584477240784 99.57145756766106 3191.499243602231
e 42.936009174717405 20.701491808536723 14.845359178622557 9.129277568183408 5.614132740584129 3.4545810837547717 2.399058618406495 2.0463394378449795 1.6536753872820351 2.1438586711883545 1.4123337268829346 93.6992664775521 99.95059085958466 3190.9068585083537
f 42.34650992468574 22.017724292971163 14.840584405088936 8.82546111417316 5.465851146329409 3.367898169052407 2.376630204456659 2.030956012301973 1.679019303493764 2.164294958114624 1.353808879852295 92.98072353975726 99.99999999999999 3191.2013407687878
g 36.07727892660449 17.437606726996012 12.183049065223333 7.470311917686893 4.556402533929371 2.75290771729723 1.9085963948297773 1.6227655487127277 1.2973073710675285 1.6766639947891235 1.2604308128356934 93.94344558402193 99.13775465907676 3191.01309316311
h 34.99329731065967 15.948779380147629 10.959126848719697 6.599514172199336 3.6127980842312146 2.2587856546157665 1.7301608557275987 1.4758195423765472 1.1253262062004379 1.4263325929641724 1.047829270362854 95.94160630835634 99.4367365813938 3190.7504909804816
i 37.04008652592901 16.576980071492784 11.421328748137341 6.931738333398706 4.191122435470746 2.483856887581397 1.8431032194285004 1.5889677955276555 1.2416724533447443 1.423823356628418 1.2388863563537598 97.47006732239015 99.01420785846037 3191.0178525402002
j 38.921818801701505 19.194200807712082 13.692185116625032 8.066445089843022 5.123065607173075 3.247411287106189 2.3799065578169007 2.028135519853533 1.649096323559105 2.2266643047332764 1.324399471282959 92.3258065057156 100.0 3190.969519892936
k 37.478849425457796 16.576806237053614 11.149967157037251 6.244446782047101 3.393525780487624 2.153122368673466 1.621868135058203 1.3925603432746094 1.0661066055396633 1.5666322708129883 0.9223702549934387 91.07932383399772 99.59230354696268 3191.072769774332
l 35.28045390244303 16.048555649979 11.192453038188987 6.92916000116773 4.152195810032191 2.4753466599685625 1.8148048748649088 1.5715381287546835 1.2186607030510164 1.4020229578018188 1.248991847038269 97.47486543068038 98.84973645621766 3190.7181965791688
m 42.3261887702161 20.480670001093973 14.474524003860337 8.738049122996076 5.457565145037915 3.31517221010046 2.3793285818548444 2.0331837377775495 1.6502380377164776 1.8849786520004272 1.4553605318069458 97.06122207659276 99.64730571755292 3190.9500270271033
n 33.97777717235149 15.384947427192758 10.821773076916998 6.006710644018838 3.178164066246258 2.0343957254153304 1.4984160422039243 1.287121652289312 0.9683710029389099 1.6055279970169067 0.9994537830352783 87.17442703800407 98.86568030171163 3191.4799935804426
o 42.43977526476712 21.811210819154365 14.841803140176811 9.073403248204878 5.576998048448361 3.4712368371634033 2.4803934204686913 2.108416945221027 1.6717198741754329 2.0262322425842285 1.5490784645080566 95.9137705661845 99.50475061306946 3191.200165480121
p 37.01993227879389 15.886254841610222 10.79715375588815 6.506752274888113 3.506064208507825 2.187698804670241 1.6723660565369871 1.441706648091206 1.1135637389555515 1.5420280694961548 1.1621289253234863 92.97143840330351 98.59906167909037 3190.7640259793116
q 39.96422274296315 17.97851780755313 12.998326073545158 7.9496171365895325 5.023156702220523 3.162099004052248 2.3432703231974465 2.011457752358756 1.6396748663886966 1.9928799867630005 1.521708369255066 95.34377311636213 99.44461440910833 3190.664134605439
r 42.706427264422054 19.83429492130981 14.481725233255775 8.782485126238402 5.349310647390745 3.3681343706174256 2.390152184608175 2.04638098339166 1.6514678637611333 2.289292097091675 1.3809261322021484 91.757009610254 99.97668984933993 3189.920313560691
s 41.41189686352738 21.046306712393015 14.692026255347024 8.824000110952944 5.456017124215273 3.424368280206732 2.3982185852665427 2.036787506854062 1.6509874171552443 1.97789466381073 1.4797534942626953 95.77086645721444 99.59583572088493 3191.2035084633612
t 40.482800529640144 19.243823351253447 13.435068281772168 8.496128221129991 5.2932153902217705 3.1607167468118003 2.306820088342711 1.9904387062877387 1.6253805718545924 1.891079068183899 1.6093181371688843 96.47387782210643 99.08714279172578 3190.655054749751
u 37.3569569634482 17.466284312279004 11.881514483596144 6.835960260127055 3.722235445492082 2.3571808205943063 1.770813288237655 1.486501920397995 1.1703399580756173 1.660636067390442 1.010243535041809 91.88052251060385 99.43488377499328 3191.4896779589317
v 35.24369749351131 16.36601650328237 11.274997696045656 6.6781658289179475 3.6315569010719404 2.2182391435518767 1.6780642848401066 1.447326027670377 1.1175634972635202 1.5716540813446045 0.9968737959861755 92.65441798879752 99.51642100370361 3191.4858182000944
w 40.31071209513274 18.825825667046736 13.446666863520376 8.276920107353106 4.981801742149774 3.034247324338441 2.196846867517237 1.8660816378225427 1.4301402170309478 1.9990355968475342 1.3995846509933472 92.76784567611564 99.19105997441872 3191.0214279851634
y 35.945881616480364 16.385309004000263 11.73986671080181 7.215484899181488 4.378476814509134 2.8337687688740716 2.1571604084117797 1.8866397694489432 1.508349502928891 1.8588913679122925 1.3697872161865234 95.62553058912961 99.59097588367702 3190.715864401796
z 41.06496576002081 18.644279696675476 13.595020466100305 8.451027941663712 5.184698711290487 3.2016847725589104 2.3070553790371555 1.9163308486949795 1.4643336450525406 2.0348281860351562 1.325247883796692 93.54639125656111 99.64726737463783 3191.1058087674833
aa 40.306537944044834 17.727747073662275 12.736265957754926 7.556336872486163 4.544936870000566 2.6537665695828103 1.9596741282732089 1.7328440412770607 1.3617046074220633 1.591054916381836 1.33824622631073 96.44419363828929 99.13968875291671 3191.2028716145624
ab 38.731263495090644 17.52036807110049 12.466101021561556 7.673709866493273 4.710804171959472 2.82546658466148 1.9968650795758554 1.719712548297957 1.345804268556859 1.597569227218628 1.4207638502120972 96.99313054786002 98.41097981568383 3190.721924647441
ac 34.27136423380673 15.970312294197894 10.94301003249972 6.350385852000304 3.471724266050574 2.19916351940769 1.6577745919852336 1.432487271530022 1.10721088659481 1.4692976474761963 0.9809291362762451 94.20286741386163 99.5604537260014 3191.18466760394
ad 34.64393898356404 15.69299185740096 10.639660503867107 6.07800970376302 3.311112782682183 2.1204184051827233 1.5242876903973681 1.2826349906903294 0.9678598347911588 1.7172871828079224 1.0157220363616943 85.89953710881265 98.65495780824345 3190.7911375757835
ae 36.039640128707845 17.2758961570775 12.259313428855936 7.791703621084674 4.795657575730646 3.048809871654988 2.2375846502861414 1.9168886714888103 1.5765388562219875 1.8581520318984985 1.4970394372940063 96.1424028617972 99.4151496909377 3190.7057757499497
ag 34.71259320533501 16.26477093705389 11.501503050830726 7.090435484236243 4.157722039543956 2.5669719441365197 1.8777960124229578 1.6131864023427205 1.2648626637425189 1.5715878009796143 1.190089464187622 95.74425742162364 99.2049645770174 3190.7194811019795
ah 34.11345360892823 16.102576056947978 11.263180303272454 6.728742565802218 3.6913301596130963 2.2756108722025474 1.6895290707207693 1.4531696228269153 1.1148619511232378 1.5456616878509521 0.9998756647109985 93.18604684421327 99.50576322573697 3191.4875691789875
ai 40.72572294013897 18.804261154967275 13.380278314857787 8.467223123813682 5.136176368992031 3.1921868428745093 2.2520887928514814 1.9153832819779275 1.4821763384542672 2.08396053314209 1.4389780759811401 92.67176689986607 99.40625177902382 3190.7106185804514
aj 42.508769158042654 20.279121038921765 14.343820791135391 8.785585474568439 5.394594659184022 3.2569254191154773 2.350078456555608 2.0038777225123745 1.6381899709090038 1.8975580930709839 1.473777413368225 96.37366897003598 99.44581250173219 3188.8160854852313
ak 40.98908030550522 19.863272981750047 14.532900776125407 8.957985847040288 5.525565432695693 3.3961154339370663 2.377255223906066 2.0609362652839125 1.6231158111232107 1.958656907081604 1.637894630432129 96.26580567299742 98.74717061963592 3190.929645708261
al 41.95875151707584 19.390084654030183 14.42974210159681 8.849953351215417 5.495630539345537 3.293917642218217 2.338432335754012 1.9523259465665534 1.615108571429547 2.150961399078369 1.4560779333114624 92.67555034184431 99.46176098608149 3190.6963269335442
an 39.758470668655086 18.873347638577112 13.501014550742306 8.306300486800374 5.040189096530221 3.1501576833560825 2.211376889711481 1.8928835718650512 1.4591254325794973 2.041660785675049 1.4385943412780762 92.60438351303863 99.2527304949146 3191.0094046207873
ao 40.57423328121098 17.911660479722897 12.974346397526 7.99450665687945 4.8937531902179865 3.0808864630106316 2.293301729938509 1.9915368889148863 1.6487006300804619 2.1260807514190674 1.3506271839141846 92.67135091466707 100.0 3189.126591853175
ap 40.392457005076245 17.55154129991317 13.044172927133307 8.025033457614281 4.9057724621243395 3.05251295992529 2.250346992987066 1.9368610442035077 1.5780782798189923 1.870283842086792 1.5135247707366943 96.27656627676167 99.2663104382437 3190.685559102121
aq 34.08727074036791 15.73680618078024 10.918481895699825 6.627769314926664 3.7306659612355726 2.316708611290155 1.7557354053397216 1.5290294107392692 1.15434903156261 1.4269318580627441 1.1154385805130005 96.73684852255444 99.22856754293683 3190.7271376760536
ar 36.843344520308584 17.683050001723288 12.732740985447856 7.462883122826177 4.879730511511938 3.084261274688878 2.2673996278388437 1.9532414088439891 1.6141637370977766 1.9225783348083496 1.4701045751571655 95.44750279562938 99.49653852508479 3191.0591697204645
as 37.16831859920664 16.06370175977198 10.884083234265285 6.380246366632254 3.600716190299307 2.308713620259292 1.7157635433373108 1.4568255154757745 1.1444832759631312 1.5695521831512451 0.9924648404121399 92.9264173791252 99.65400776166437 3190.751917604729
